time,x,y,z,phi,theta,psi,x_velocity,y_velocity,z_velocity,phi_velocity,theta_velocity,psi_velocity,rotor_speed1,rotor_speed2,rotor_speed3,rotor_speed4
0.06,8.28022074016e-08,2.86976717229e-07,10.0009763716,6.28267075134,6.28297184656,0.0,1.15059927008e-05,-3.40658892695e-06,0.0325449931773,-0.0373563661805,-0.0118420679132,0.0,415.38341248169536,414.3438856758841,416.66639309686093,413.3882425270473
0.12000000000000001,9.3003406798e-06,-2.25378472071e-05,10.0096949776,6.28051180448,6.28210059667,0.0,0.000390366630054,-0.00102258609167,0.258050379265,-0.0333677808491,-0.0205033014314,0.0,475.4232719630841,474.7594236957583,474.88213599671235,475.18744308766463
0.18,5.97735680584e-05,-0.000147232158804,10.0283806809,6.27804002197,6.28117285265,0.0,0.00140159502243,-0.00335541353536,0.364776790317,-0.0653949761738,-0.00691886762045,0.0,438.24154445506804,439.36912015070516,440.75329653382414,438.0975997136463
0.23999999999999996,0.00020004719729,-0.000506277967371,10.059457494,6.27402718123,6.28044277656,0.0,0.00334597659959,-0.0091377531042,0.67098436508,-0.0700295450262,-0.025562361448,0.0,498.9632560152942,497.6006603254283,498.3665326916202,498.0248993348369
0.3,0.000468228243085,-0.00127504984226,10.1043134774,6.27030556841,6.27858864245,0.0,0.0057758967309,-0.0169184205099,0.824111589564,-0.049529924781,-0.0445997418336,0.0,454.2406040342338,452.71121025555396,453.5855867081817,455.2258368071053
0.36000000000000004,0.000926999396905,-0.00258708923128,10.1582113165,6.26734531882,6.27623364193,0.0,0.00978860344345,-0.0271384049472,0.972362210952,-0.0489555124619,-0.0302653345756,0.0,452.5399448029393,453.6913698642659,452.227672501379,452.272462822258
0.4200000000000001,0.00167373177642,-0.00457347942825,10.2207532502,6.26448762876,6.27423994977,0.0,0.015306274105,-0.0393850610936,1.11223589953,-0.0450983149622,-0.0399311892538,0.0,451.29060165493166,450.50938655221495,449.69770365166374,450.00865261894717
0.48000000000000015,0.00279592649329,-0.00735319169572,10.2915237869,6.2617274317,6.27167835486,0.0,0.0223637007466,-0.0535620040928,1.24663605645,-0.0478769766403,-0.0488835064173,0.0,450.23386935750983,449.5080694492151,448.20341096026266,447.97632085733846
0.5400000000000001,0.00437961605293,-0.0110091797417,10.3688096472,6.2595032056,6.26946472839,0.0,0.0306738483378,-0.0685498719855,1.32945713512,-0.0213332983541,-0.0199132683034,0.0,432.4113246493973,434.84383052170443,431.35280866481554,433.5874796898251
0.6000000000000002,0.00653968645991,-0.0156745824374,10.4540064142,6.25820407541,6.26956343628,0.0,0.0413672399426,-0.0871053555224,1.5102088943,-0.0222975991818,0.0266751937448,0.0,461.46868217194276,465.1313124918774,464.0091738236177,463.93348675522714
0.6600000000000003,0.00929991611186,-0.0214265729309,10.5478260623,6.25756678256,6.27086177246,0.0,0.0504863403487,-0.104719149969,1.61696634378,0.00603884375006,0.00894905453365,0.0,442.6263879978076,441.165311993016,439.6983443280294,442.03949257934244
0.7200000000000003,0.0126180178289,-0.0283136969065,10.6508187909,6.25809938891,6.27143788997,0.0,0.0600483726933,-0.124791758194,1.81583137016,0.0140216826207,0.0108768112741,0.0,469.4799073707585,469.6293166897495,469.77694126487916,470.3953563698621
0.7800000000000004,0.0164388346277,-0.0362695671791,10.7609011416,6.25936795523,6.27259686489,0.0,0.0672237098906,-0.140302467391,1.85352272031,0.032529369791,0.0323511898239,0.0,420.1292826278237,421.9869643133413,418.2380927125869,419.84687379984655
0.8400000000000004,0.0207244750471,-0.0452666920875,10.8791115144,6.26108897742,6.27416401093,0.0,0.0754078350129,-0.159368080681,2.08643451109,0.0196007915219,0.00918424063474,0.0,480.49199080639636,478.7326558023405,481.905402751294,480.92737961458994
0.9000000000000005,0.0254399785414,-0.0552979536615,11.0080589562,6.26234632582,6.27460028299,0.0,0.0817208563713,-0.174874177134,2.21158246502,0.0235365102935,0.00314062618445,0.0,449.16657336757027,448.6760926093986,449.0412270228126,449.3603548632098
0.9600000000000005,0.0304997409508,-0.0661680245468,11.1414064953,6.26350650105,6.27455301181,0.0,0.0869296859565,-0.187343624246,2.23329545023,0.00923112614896,-0.0101081575382,0.0,417.2176777648508,416.05939272840834,416.54706359356896,415.2942150331845
1.0200000000000005,0.0359106338022,-0.0778459886263,11.2800817903,6.26465119623,6.27400756784,0.0,0.0934939760048,-0.201817415531,2.38890295487,0.0337583229366,-0.00712977910649,0.0,459.4674455383844,459.70362607776434,457.3997629961705,459.3488065299305
1.0800000000000005,0.0417413367921,-0.0903914927985,11.4297309239,6.26663776861,6.27406352035,0.0,0.100876257183,-0.216121588099,2.59895199934,0.0317796069593,0.0135085858983,0.0,475.3917707782589,476.97050319311796,475.5922353304665,475.4410112288756
1.1400000000000006,0.0479738795874,-0.103686061744,11.5881426983,6.26860479279,6.27526480777,0.0,0.106770837134,-0.226836178243,2.68125526748,0.0347195741773,0.0306093309272,0.0,437.04945548110607,438.47240247212915,437.7788656732287,438.0238521121101
1.2000000000000006,0.0545520726281,-0.11761987046,11.7540791789,6.27098881476,6.27709774915,0.0,0.112293218743,-0.237367512717,2.84956246234,0.0482369915756,0.030428155093,0.0,464.51080459481943,464.4968614945941,464.53286102028625,465.5923261210815
1.2600000000000007,0.0614349841421,-0.132161331397,11.932928378,6.27394989911,6.2796072421,0.0,0.116851958057,-0.246972652033,3.11141019282,0.0514912467693,0.058190667893,0.0,491.75863508178367,493.8115021141958,492.74497105192273,492.98673568009866
1.3200000000000007,0.0685149541434,-0.147186677645,12.1256264698,6.27712972967,2.92526969403e-06,0.0,0.118731856983,-0.25350270038,3.3113093717,0.0558496501979,0.0625113618632,0.0,475.82070529891655,476.1536119942146,476.5100555086264,476.8447467619911
1.3800000000000008,0.0756255746848,-0.162496503104,12.3246240323,6.2808026075,0.00394102108801,0.0,0.117946410728,-0.256512824418,3.32191679528,0.0702194953565,0.0712437377706,0.0,418.2672299031234,419.030526400441,417.67068978631977,418.9249999755227
1.4400000000000008,0.0825921616657,-0.177926289294,12.5292930787,0.00129803741522,0.00866325550581,0.0,0.113760940714,-0.25735112036,3.49986020446,0.030386613422,0.0905201057785,0.0,470.4259705752501,471.9207226385726,472.4359134061846,469.3566697869435
1.5000000000000009,0.0892042937908,-0.193334207663,12.7436156005,0.00311345867504,0.0141600705973,0.0,0.10605423536,-0.256050177663,3.64377403873,0.0299966140337,0.0937140001239,0.0,461.65493071203906,461.913590527592,462.09753194705877,462.0670440199278
1.560000000000001,0.0952916422859,-0.208637798116,12.9626687318,0.00492031563697,0.0196648694983,0.0,0.0963601697525,-0.253909152714,3.65794709806,0.0303485460112,0.0874923907524,0.0,422.6084673744919,422.0793717914947,421.4468487933785,421.4776117841217
1.620000000000001,0.100730003692,-0.223788249601,13.1810456454,0.0068178704228,0.024384340221,0.0,0.0844972540683,-0.250953545429,3.62139356885,0.0340650619544,0.0480199216412,0.0,407.3469661651627,403.806531617111,404.0123158648203,404.3477571020627
1.680000000000001,0.105218318876,-0.238681268583,13.4039329811,0.00866552434708,0.0267158417263,0.0,0.0648121588605,-0.245260843766,3.80757659111,0.023285495822,0.00541334674842,0.0,476.9092422666169,473.6441304042621,475.8124857782065,474.9867345855378
1.740000000000001,0.108451523829,-0.253181951474,13.6391635779,0.0101215875941,0.0266486196254,0.0,0.0429611574265,-0.237930244598,4.03267635976,0.0261629499917,-0.0192632032938,0.0,488.8887064367721,487.0465546657415,487.59319170450004,487.8081412391236
1.8000000000000012,0.110534934457,-0.267266747009,13.8821217244,0.0114598608559,0.0256067762418,0.0,0.02659110535,-0.231428933996,4.06581184106,0.013185122495,-0.0138134899195,0.0,430.8872032375451,431.3477714187238,431.4585984810999,430.3614728832286
1.8600000000000012,0.111721329514,-0.280969499322,14.1244477219,0.0122167048581,0.0249747362626,0.0,0.0130087934846,-0.225265509165,4.01191175296,0.0114468026704,-0.00467153319423,0.0,401.35843929044904,402.18748661995454,402.43648876331054,402.2789940618428
1.9200000000000013,0.112071072492,-0.294275361931,14.3647619573,0.0124719629177,0.0247829694335,0.0,-0.00133116288136,-0.218216329453,3.9986081629,-0.0167633119628,-0.000397342553644,0.0,415.0029705026729,415.37806385756085,417.07699495806673,414.6056067985923
1.9800000000000013,0.11151085853,-0.30713332297,14.6063854709,0.0111231188305,0.0247689522319,0.0,-0.017335279331,-0.21049269762,4.05530839128,-0.0374959693525,9.18601818499e-05,0.0,437.9119866061406,437.95268661935046,439.60553603743284,437.8839685864912
2.0400000000000014,0.110045601956,-0.319581828563,14.8491950815,0.00892203275199,0.0247482735242,0.0,-0.0315069171759,-0.20464381779,4.03840364422,-0.0351101771983,-0.00123234427244,0.0,414.615547461587,414.4991875035373,414.64627935434964,414.85511538997343
2.1000000000000014,0.107527460817,-0.331646418224,15.0991956829,0.00680518269184,0.0248938932194,0.0,-0.0524133605509,-0.197779594062,4.29402538266,-0.0356242785505,0.00889202429446,0.0,496.4406836346701,497.1830138432984,499.25827004624813,499.22036749898086
2.1600000000000015,0.103872961119,-0.343384776448,15.3595445779,0.00452960742526,0.0258499427551,0.0,-0.0694721031251,-0.193721271014,4.38392692554,-0.0429798800855,0.0272189731197,0.0,449.69460024670605,451.1767573599861,451.9622619886635,451.36830217214225
2.2200000000000015,0.0992051895222,-0.354932566524,15.6240145321,0.00179221690523,0.0273957365647,0.0,-0.0862651908142,-0.191454553374,4.43154818063,-0.0515150456967,0.0226805105505,0.0,437.6609428061179,437.2831370511254,439.848776125078,439.14001813363996
2.2800000000000016,0.093442118123,-0.366394668919,15.893483125,6.28250436586,0.0285667403366,0.0,-0.105957607975,-0.190900782045,4.55026604974,-0.0260405957635,0.01228999996,0.0,460.72166973192725,459.8992856841832,460.6822728043461,462.691381840797
2.3400000000000016,0.0865135287444,-0.377869303835,16.1687342498,6.28107785952,0.0292424320741,0.0,-0.12505606923,-0.191732634364,4.62446882584,-0.0195912521847,0.00912090653562,0.0,447.80966517168804,447.5516499669044,448.6064609049516,449.1298347687767
2.4000000000000017,0.0783715496787,-0.389424996166,16.4502930601,6.28006238518,0.0292985527605,0.0,-0.146369772596,-0.193572514514,4.76026462588,-0.0120636915166,-0.0253237421647,0.0,470.0811661873499,467.4041565234238,466.400382250983,466.98808094648405
2.4600000000000017,0.0690024351629,-0.40110632485,16.7384592403,6.27948010129,0.0281133613574,0.0,-0.165790812449,-0.195868606231,4.84492055128,-0.00536114538088,-0.0104552165978,0.0,452.96236554754313,454.1566598249882,452.800327311361,453.33939881305326
2.520000000000002,0.058441516437,-0.412942220121,17.0333985933,6.27910480071,0.0270660378033,0.0,-0.186139357293,-0.198696559694,4.98578710956,-0.00810558123416,-0.0375903197212,0.0,472.0383613274308,469.93946961967754,471.25351002486565,471.04140516068554
2.580000000000002,0.0467812580545,-0.424942330444,17.3333401889,6.27833511466,0.0245834210943,0.0,-0.202318896933,-0.201361772386,5.01215434592,-0.0245173980164,-0.0502923355029,0.0,437.3621173065875,436.3017756236455,437.8458448483714,436.4782124813747
2.640000000000002,0.034122526858,-0.437135937576,17.6380242152,6.27693596576,0.0212392911927,0.0,-0.219290309338,-0.205241371022,5.14340365004,-0.0210245714965,-0.0697818647167,0.0,470.58240352586375,469.0690967001432,469.3069773766657,469.578020089815
2.700000000000002,0.0205522626783,-0.449582021919,17.949117745,6.27589612741,0.016781776895,0.0,-0.232618285105,-0.209739093502,5.22601412407,-0.0108122817139,-0.0853173055342,0.0,456.81860996015547,455.573679168492,455.5631446847288,456.3791765796948
2.760000000000002,0.0063308394393,-0.462290510091,18.2616177341,6.27529445505,0.0122285712714,0.0,-0.241041100584,-0.213929745699,5.19082075098,-0.00850347462205,-0.0616879906806,0.0,418.86215058405924,420.9072580657465,418.3199175536172,418.5210698855027
2.820000000000002,-0.00833272954208,-0.47526553599,18.5727177896,6.27501654139,0.00822363794307,0.0,-0.247420003514,-0.218604654431,5.1792395143,0.00216341574488,-0.0795121013324,0.0,428.1592488919411,426.6362043814112,425.36032798017686,426.2730651832588
2.880000000000002,-0.0233418972155,-0.48856108056,18.8876909156,6.27466977577,0.00443989204431,0.0,-0.252434494559,-0.224577351548,5.31923012008,-0.0306239376846,-0.0419396572153,0.0,472.49990515126325,475.3849222752432,474.62721934383114,472.1038520860019
2.940000000000002,-0.0385575907845,-0.502185782327,19.2061411562,6.27392742285,0.00148626754544,0.0,-0.254533962232,-0.229676670515,5.29588818904,0.0102239835229,-0.0706766515739,0.0,425.3222481259697,422.8515447437217,422.1655234124695,425.67606059905586
3.000000000000002,-0.0538456956091,-0.516130968371,19.5240914307,6.2745921785,6.28125038042,0.0,-0.254741482615,-0.235106887026,5.30242928753,0.0127371710315,-0.0383983308615,0.0,432.1231508362406,434.83335537008827,433.46830256354195,433.67936288462465
3.0600000000000023,-0.0690961365735,-0.530374654596,19.8406392354,6.27505734545,6.27983559085,0.0,-0.253467134129,-0.239634576272,5.24941227267,-0.00477070816579,-0.00387717946082,0.0,412.4524151661979,415.490285446474,414.5790375632257,413.0374884367953
3.1200000000000023,-0.084246020344,-0.544902213102,20.1560422342,6.27430002095,6.27990206765,0.0,-0.251522975645,-0.244655926991,5.26395321137,-0.0369565985022,0.00957160416384,0.0,435.9229904819701,437.0455309853691,436.131031586481,433.4340109855778
3.1800000000000024,-0.0992815698599,-0.559757377946,20.4729649206,6.27208001393,6.28115077889,0.0,-0.249751932545,-0.250719420696,5.29996463877,-0.0370872755163,0.0370149000779,0.0,441.6508671894504,443.90895045055214,442.49207795301095,442.48067760179407
3.2400000000000024,-0.114242928735,-0.574990308491,20.7896574433,6.26994823782,6.28292597918,0.0,-0.249125857246,-0.257222741006,5.2566467301,-0.0325839366914,0.00744837398379,0.0,419.10736570574494,416.52949260370764,416.2906516868995,416.68394437592343
3.3000000000000025,-0.129191379714,-0.590647055422,21.1037399024,6.26832492165,0.0012323014952,0.0,-0.249243960072,-0.264814427538,5.21296392588,-0.0178167276014,0.0467865305843,0.0,414.65356425155477,418.09584886813155,416.17295351675125,417.4634618747208
3.3600000000000025,-0.144180284868,-0.606807189821,21.4167809314,6.26731968031,0.00453618177368,0.0,-0.25065839365,-0.273947997804,5.22169019125,-0.0147092025274,0.0679005024656,0.0,432.6989083892729,434.47506950109596,433.17804810529185,433.43940525082417
3.4200000000000026,-0.159324267437,-0.623555447942,21.7317528899,6.26637052294,0.00881606047167,0.0,-0.254537117601,-0.284410669734,5.27711075305,-0.0181372889889,0.0774323671246,0.0,447.69342377792196,448.4722693342797,448.8303909121447,448.55213834905726
3.4800000000000026,-0.174799130244,-0.640974554294,22.0514819537,6.26563378356,0.0135142879276,0.0,-0.261763822033,-0.296309642696,5.38003229478,-0.00257959526673,0.0799910559087,0.0,462.9099518590331,463.11589857209344,463.4390548600173,464.66058239612744
3.5400000000000027,-0.19080464127,-0.659118178746,22.3773168939,6.26585378777,0.0185395585442,0.0,-0.272247119618,-0.308464465149,5.48064120344,0.0138976326743,0.0903778862802,0.0,463.3064654032989,464.12788769769395,463.2980684173849,464.59193726555577
3.6000000000000028,-0.207542358708,-0.677980909915,22.7090403686,6.26659139802,0.0241551950018,0.0,-0.286226263826,-0.320206450373,5.57632936522,0.00887506832559,0.0993507187468,0.0,462.3623012201736,463.0757847879375,464.1586755787011,463.76415138600044
3.660000000000003,-0.225225692578,-0.697526586734,23.0460797232,6.2677142073,0.0295557417473,0.0,-0.303787024894,-0.33122345154,5.65789490354,0.0333837822871,0.054822002501,0.0,462.1805906195927,458.66279475089743,458.6608087759929,460.60345610437116
3.720000000000003,-0.244062851222,-0.717707359524,23.3880793633,6.26959703323,0.0329584220116,0.0,-0.324438835623,-0.341270719844,5.74166428492,0.0270390356927,0.0602435875602,0.0,461.2442612771168,461.67436705786196,461.8844948184677,461.38405839000086
3.780000000000003,-0.264122867548,-0.738420529487,23.7325357698,6.27125547387,0.0369252468903,0.0,-0.344559889551,-0.349027327697,5.74020942301,0.0288174237075,0.0758256399656,0.0,434.8653174325604,436.172134695728,435.9919504774367,436.1407432179114
3.840000000000003,-0.285432834362,-0.759560248203,24.0761092979,6.27345001611,0.0416140001136,0.0,-0.366161376699,-0.355467694674,5.7123637842,0.0487713037391,0.082421214271,0.0,427.7820498584097,428.3485281656817,425.537952597708,427.24361162117583
3.900000000000003,-0.308256904011,-0.781076511485,24.4212533199,6.27635598822,0.0461459827001,0.0,-0.39509820641,-0.3614513888,5.79201311271,0.0477474916648,0.0559091861769,0.0,461.712371447579,459.61964433694516,461.2736322885724,461.19410408590954
3.960000000000003,-0.332775909615,-0.802876885912,24.7684762496,6.27959904984,0.0493878966223,0.0,-0.422487641969,-0.364967005877,5.78211918361,0.0643553587351,0.0499865406375,0.0,433.6452041243126,433.1493183128412,433.36226363443876,434.7582554778581
4.020000000000002,-0.358973021603,-0.824828536534,25.1146897317,6.2831471286,0.0525250405988,0.0,-0.451013060399,-0.366445787637,5.75843500976,0.0458424020938,0.0565261098116,0.0,428.94362953764863,429.5006073738853,429.8927219199881,428.32335283170494
4.080000000000001,-0.386897895639,-0.846813206191,25.4587494443,0.0026275631154,0.0565532305881,0.0,-0.480131035848,-0.366161622431,5.71044139108,0.041441795785,0.0826580731572,0.0,420.1638094285046,422.4272040532491,420.71798044368427,420.33795617850734
4.14,-0.416582158051,-0.868741250032,25.7989335589,0.00575858949212,0.0612548662819,0.0,-0.509732440686,-0.364558513342,5.62940349413,0.067849864991,0.0679749246769,0.0,410.08214105454175,408.7809023322713,407.8949757972593,410.2489490376466
4.199999999999998,-0.448335176437,-0.890498846237,26.1378514364,0.00959991781651,0.0651219197186,0.0,-0.549060125947,-0.36033062731,5.66763673109,0.0549933021144,0.0562635784159,0.0,447.5239028732596,446.5724400719199,448.57299767644014,447.5304839017911
4.259999999999997,-0.48280472017,-0.911889098026,26.483404251,0.0124080015123,0.0686180502949,0.0,-0.60025716986,-0.352329971024,5.84983252886,0.020521773911,0.0620032442083,0.0,490.6327644351537,491.0607821934187,492.63737678034914,490.0823972835
4.319999999999996,-0.520236476592,-0.932778835701,26.8371099894,0.0135149241366,0.0726069265287,0.0,-0.647824507409,-0.343883198354,5.93984735185,0.0139421029783,0.0741947269883,0.0,464.766274429976,465.72402617013114,466.846231472035,466.33238639314226
4.379999999999995,-0.560636895722,-0.953134967048,27.1966252205,0.0143896765021,0.0771395607332,0.0,-0.6992763651,-0.33457457293,6.04339257158,0.0158238646455,0.0781128264765,0.0,471.087241809936,471.39429189101276,470.72204680947664,470.8675496096168
4.439999999999993,-0.603881702494,-0.972977066495,27.5580214686,0.0150908348845,0.0817339834267,0.0,-0.742611077548,-0.326757457355,6.00330705266,0.00176259332587,0.0733047235161,0.0,427.69641252718486,427.29150267563676,427.6377966395122,426.43798196518844
4.499999999999992,-0.649921390978,-0.992319205348,27.9184526663,0.0148568515519,0.0861495825043,0.0,-0.792431049361,-0.317983144379,6.01096464916,-0.0187217304596,0.07416403161,0.0,442.00962987613224,442.0847011063055,443.57953328390545,441.8938620070555
4.559999999999991,-0.699453537553,-1.01107172518,28.2841951672,0.013583374995,0.0902258830624,0.0,-0.859044252573,-0.307246296786,6.17947477454,-0.0267696271583,0.0510375970106,0.0,492.5620045382694,490.85130450500986,490.88999767954016,490.29237212075583
4.6199999999999894,-0.75247934875,-1.02929687793,28.6535470584,0.0117127941379,0.0938454810076,0.0,-0.908778619028,-0.30039140686,6.13245082577,-0.04189411278,0.0743637412267,0.0,425.4223171853167,427.4180360721114,428.1611065823139,426.8716854213145
4.679999999999988,-0.809146751119,-1.04707291363,29.0263288647,0.00907795982901,0.0984957483436,0.0,-0.980556604975,-0.292435547408,6.29264357764,-0.0482935196498,0.0831405148586,0.0,489.6086780110709,490.26548615515287,490.89726767091867,490.4211891753607
4.739999999999987,-0.869655649482,-1.06448097412,29.4029685674,0.00600321689313,0.103902807635,0.0,-1.03685450907,-0.288075528011,6.26209181597,-0.0579200039818,0.101311799961,0.0,433.27803420377893,434.81027618704456,434.4588749794669,433.6490280619569
4.799999999999986,-0.933778812861,-1.08167269617,29.7791155028,0.00263297946615,0.109828283467,0.0,-1.10111004034,-0.285284985454,6.27595048008,-0.052884526478,0.0930913550232,0.0,448.3462434747294,447.685977693113,448.01541320370734,448.42261590174434
4.859999999999984,-1.00207255836,-1.09875264641,30.1579588496,6.28233965871,0.115484281102,0.0,-1.17585201936,-0.284369588414,6.35161558305,-0.0708455601213,0.0965176477647,0.0,467.07633528609233,467.3505798793174,468.6462758915559,467.2455695254397
4.919999999999983,-1.07446827714,-1.11584354997,30.5370811776,6.27780839524,0.121607298905,0.0,-1.2378426125,-0.285663427372,6.28604113483,-0.0870553430823,0.111289255101,0.0,423.5320155345023,424.8103492116685,424.4184667950441,423.01964971974184
4.979999999999982,-1.15112615765,-1.13310788869,30.9158469788,6.27213619986,0.128416924922,0.0,-1.31802027571,-0.290319090979,6.33902717737,-0.116912598925,0.117570211131,0.0,461.6242437198799,462.1306185273226,462.0058587013707,459.6374569233082
5.0399999999999805,-1.23311294677,-1.1508028999,31.3007228696,6.26505050239,0.13554132332,0.0,-1.41553052763,-0.300268850307,6.48911188875,-0.120568752565,0.120980410015,0.0,490.1120116641018,490.3766765641465,492.22053448903245,491.9387781067491
